90
90
90
90
90
90
90
90
90
90
90
90
90
90
90
90
90
90
90
90
90
90
90
90
90
90
90
90
90
90
89
89
89
89
89
89
89
89
89
89
88
88
88
88
87
87
87
86
86
85
85
85
85
85
85
85
85
85
85
85
86
86
86
86
86
86
86
87
87
87
87
86
87
87
87
87
87
86
87
87
87
87
87
87
87
87
87
87
88
88
88
88
88
88
88
88
88
88
88
88
88
88
88
89
89
89
89
89
89
89
89
89
89
89
89
89
89
89
89
89
89
89
89
89
90
89
89
89
89
89
89
89
89
89
89
89
89
90
90
90
90
90
90
90
90
90
90
90
90
90
90
90
90
90
90
90
90
90
90
90
90
90
90
90
90
90
90
90
90
90
90
90
90
90
91
91
91
91
91
91
90
90
90
90
90
90
90
90
90
90
90
90
90
90
90
90
90
90
90
90
90
90
90
90
90
90
90
90
90
90
90
90
90
90
90
90
90
91
90
90
90
90
90
90
90
90
90
90
90
90
90
90
90
90
90
90
90
90
90
90
90
90
90
90
90
90
90
90
90
90
90
90
90
90
90
90
90
90
90
90
90
90
90
90
90
89
89
89
90
90
90
90
90
90
90
90
90
90
90
90
90
90
90
89
90
89
89
90
90
90
90
90
90
90
90
90
90
90
90
90
90
91
91
91
91
91
91
90
89
87
85
83
80
77
73
68
63
58
52
46
39
33
26
20
12
6
-1
-8
-16
-22
-29
-35
-41
-46
-52
-57
-61
-65
-68
-71
-74
-75
-77
-78
-78
-78
-77
-76
-75
-72
-69
-66
-62
-58
-54
-49
-44
-38
-32
-27
-20
-14
-7
-1
6
12
19
25
31
37
43
47
52
57
60
64
67
69
71
73
74
75
75
74
74
72
71
68
65
63
59
55
51
46
41
36
30
25
19
13
7
1
-6
-11
-18
-23
-28
-34
-39
-44
-48
-52
-55
-58
-60
-62
-64
-65
-66
-66
-65
-65
-63
-62
-60
-57
-55
-51
-47
-43
-38
-34
-29
-24
-18
-13
-7
-1
4
10
15
20
26
31
35
40
44
48
51
54
57
59
60
62
63
63
63
62
61
60
58
56
53
50
46
43
39
34
30
25
20
15
9
4
-1
-6
-11
-17
-21
-26
-30
-35
-38
-42
-45
-48
-50
-52
-54
-55
-56
-57
-57
-56
-55
-54
-52
-50
-47
-45
-41
-38
-34
-30
-25
-20
-16
-11
-6
-1
3
8
13
18
22
27
31
34
38
41
44
47
49
51
52
53
54
54
53
53
52
50
49
46
44
41
38
35
31
27
23
18
14
10
5
0
-4
-8
-13
-17
-21
-25
-29
-32
-35
-38
-41
-43
-45
-46
-48
-48
-49
-48
-48
-47
-46
-44
-43
-41
-38
-35
-32
-28
-24
-21
-17
-13
-8
-4
0
4
8
12
16
20
24
27
30
33
36
38
40
42
44
45
45
46
46
45
45
44
43
41
39
36
34
31
28
24
21
17
13
9
6
2
-2
-6
-10
-13
-17
-20
-24
-27
-30
-32
-35
-36
-38
-39
-41
-41
-41
-41
-41
-40
-39
-38
-36
-34
-32
-30
-27
-24
-21
-18
-14
-11
-7
-4
0
4
7
11
14
18
21
24
27
29
32
33
35
37
38
39
39
39
39
39
38
37
36
34
32
30
27
25
22
19
16
13
9
6
2
-1
-4
-7
-11
-14
-17
-19
-22
-25
-27
-29
-30
-32
-33
-34
-35
-35
-35
-35
-34
-33
-32
-31
-29
-27
-25
-23
-20
-17
-14
-11
-8
-6
-2
1
4
7
10
13
16
19
21
24
26
27
29
31
32
33
33
33
33
33
33
32
31
30
28
27
25
22
21
18
15
13
10
7
4
1
-1
-4
-7
-10
-13
-16
-18
-20
-22
-24
-25
-26
-28
-29
-29
-30
-30
-30
-29
-28
-27
-26
-25
-24
-22
-19
-18
-15
-13
-10
-8
-5
-2
1
3
6
8
11
13
15
18
20
21
23
25
26
27
27
28
28
28
28
28
27
26
25
24
22
21
19
17
15
13
10
8
6
3
1
-1
-4
-7
-9
-11
-13
-16
-18
-19
-20
-22
-23
-24
-24
-25
-25
-25
-25
-25
-24
-23
-22
-21
-19
-18
-16
-14
-12
-10
-7
-5
-3
-1
2
4
6
8
11
13
14
16
18
19
21
22
22
23
24
24
24
24
24
23
22
21
20
19
18
16
14
13
11
8
7
5
2
0
-2
-4
-6
-8
-10
-12
-13
-15
-16
-18
-19
-20
-20
-21
-21
-22
-21
-21
-21
-20
-19
-18
-17
-16
-14
-13
-11
-9
-7
-6
-4
-2
0
2
4
6
8
10
11
13
15
16
17
18
19
19
20
20
20
20
20
20
19
19
18
16
15
14
13
11
9
8
6
5
2
1
-1
-3
-5
-6
-8
-9
-11
-12
-13
-14
-16
-17
-17
-18
-18
-18
-18
-18
-18
-17
-17
-16
-15
-14
-12
-11
-10
-8
-7
-5
-3
-2
0
1
3
5
7
8
9
11
12
13
14
15
15
16
16
17
17
17
17
16
16
15
15
14
13
12
11
10
8
7
6
4
3
1
0
-2
-3
-5
-6
-8
-9
-10
-11
-12
-13
-14
-14
-15
-15
-15
-15
-15
-14
-14
-14
-13
-12
-11
-10
-9
-8
-7
-5
-4
-3
-1
0
1
3
4
6
7
8
9
10
11
12
12
13
13
14
14
14
14
14
13
13
12
12
11
10
9
8
7
6
4
3
2
0
-1
-2
-3
-5
-6
-7
-8
-9
-10
-10
-11
-12
-12
-12
-12
-13
-12
-12
-12
-12
-11
-11
-10
-9
-8
-7
-6
-5
-4
-3
-2
-1
1
2
3
4
5
6
7
8
9
9
10
11
11
11
12
12
12
12
11
11
11
10
9
9
8
7
6
5
4
3
2
1
0
-1
-2
-3
-4
-5
-6
-7
-7
-8
-9
-10
-10
-10
-10
-10
-11
-10
-10
-10
-10
-9
-8
-8
-7
-6
-5
-5
-4
-3
-2
-1
0
1
2
3
4
5
6
6
7
8
8
8
9
9
9
9
10
9
9
9
9
8
8
8
7
6
6
5
4
3
2
1
0
0
-1
-2
-3
-4
-5
-5
-6
-6
-7
-7
-8
-8
-8
-8
-9
-8
-8
-8
-8
-7
-7
-7
-6
-6
-5
-4
-4
-3
-2
-1
0
0
1
2
3
3
4
5
6
6
6
7
7
7
7
8
8
8
8
7
7
7
7
6
6
5
4
4
3
3
2
1
1
0
-1
-2
-3
-3
-4
-4
-5
-5
-6
-6
-6
-7
-7
-7
-7
-7
-7
-7
-6
-6
-6
-6
-5
-5
-4
-4
-3
-3
-2
-1
-1
0
0
1
2
2
3
3
4
4
5
5
6
6
6
6
6
6
6
6
6
6
5
5
5
4
4
3
3
2
1
1
0
0
-1
-1
-2
-3
-3
-3
-4
-4
-4
-5
-5
-5
-5
-5
-5
-6
-5
-5
-5
-5
-5
-4
-4
-4
-3
-3
-3
-2
-1
-1
0
0
1
1
2
2
2
3
3
3
4
4
5
5
5
5
5
5
5
5
5
4
4
3
3
3
3
2
2
1
1
1
0
0
-1
-1
-2
-2
-2
-3
-3
-3
-4
-4
-4
-4
-4
-4
-4
-4
-4
-4
-4
-3
-3
-3
-3
-2
-2
-1
-1
-1
0
0
0
1
1
2
2
2
3
3
3
3
3
3
4
3
4
4
3
3
3
3
3
3
2
2
2
2
2
1
1
0
0
0
-1
-1
-1
-1
-2
-2
-3
-3
-3
-3
-3
-3
-3
-3
-3
-3
-3
-3
-3
-3
-2
-2
-2
-1
-1
-1
0
0
0
0
1
1
1
1
2
2
2
2
3
3
3
3
3
3
3
3
3
2
2
2
2
2
2
1
1
1
1
0
0
0
0
-1
-1
-1
-1
-2
-2
-2
-2
-3
-2
-3
-3
-3
-3
-3
-2
-2
-2
-2
-2
-1
-1
-1
-1
-1
-1
0
0
0
0
1
1
1
1
1
2
2
2
2
2
2
2
2
2
2
2
2
2
2
2
1
1
1
1
1
1
0
0
0
0
0
-1
-1
-1
-1
-1
-1
-1
-2
-1
-2
-2
-2
-2
-2
-2
-2
-2
-2
-1
-1
-1
-1
-1
-1
-1
-1
0
0
0
0
0
0
1
1
1
1
1
1
1
1
2
2
1
2
2
2
1
2
2
1
1
1
1
1
1
1
1
1
0
0
0
0
0
0
0
-1
-1
-1
-1
-1
-1
-1
-1
-1
-1
-1
-1
-1
-1
-1
-1
-1
-1
-1
-1
-1
-1
0
0
0
0
0
0
0
0
1
1
1
1
1
1
1
1
1
1
1
1
1
1
1
1
1
1
1
1
1
1
1
0
0
0
0
0
0
0
0
0
-1
0
-1
-1
-1
-1
-1
-1
-1
-1
-1
-1
-1
-1
-1
0
-1
0
0
0
0
0
0
0
0
0
0
0
0
1
1
1
1
1
1
1
1
1
1
1
1
1
1
1
1
0
0
0
0
0
0
0
0
0
0
0
0
0
0
0
0
0
0
0
0
0
0
0
0
0
0
0
0
0
0
0
0
0
0
0
0
0
0
1
1
1
0
1
1
1
1
1
1
0
0
0
0
0
0
0
0
0
0
0
0
0
0
0
0
0
0
0
0
0
0
0
0
0
0
0
0
0
0
0
0
0
0
0
0
0
0
0
0
0
0
0
0
0
0
0
0
0
0
0
0
0
0
0
0
0
0
0
0
0
0
0
0
0
0
0
0
0
0
0
0
0
0
0
0
0
0
0
0
0
0
0
0
0
0
0
0
0
